image: Silverstone_map.png
resolution: 0.07712
origin: [-43.82482139791572,-52.30388391024793, 0.000000]
negate: 0
occupied_thresh: 0.45
free_thresh: 0.196
