image: SaoPaulo_map.png
resolution: 0.04877
origin: [-27.988851027944648,-33.41588383183014, 0.000000]
negate: 0
occupied_thresh: 0.45
free_thresh: 0.196
