C_0d: 0.4769777665344132
C_R: 3.693303119695026
C_Sf: 3.70776089172916
C_Sr: 14.917278165744078
C_acc: 7.135521073243542
C_d: -0.8555709456247437
C_dec: 0.555393889733246
I_z: 0.05797
a_max: 3
a_min: -3
h_cg: 0.014
l_f: 0.162
l_r: 0.145
l_wb: 0.307
m: 3.54
model_name: NUC1
mu: 1
tau_steer: 0.15779476
tire_model: linear
