image: Zandvoort_map.png
resolution: 0.05109
origin: [-19.704744951133563,-57.90249552267154, 0.000000]
negate: 0
occupied_thresh: 0.45
free_thresh: 0.196
