image: levinelobby.pgm
resolution: 0.050000
origin: [-20.776736, -30.670374, 0.000000]
negate: 0
occupied_thresh: 0.65
free_thresh: 0.196

