C_0d: 0.5
C_0v: -5
C_Sf: 5.05669687015877
C_Sr: 6.646267749931554
C_acc: 3.2
C_d: -1.11
C_dec: 3.2
C_v: 4280.088180163426
I_z: 0.0627
a_max: 3
a_min: -3
h_cg: 0.02
l_f: 0.174
l_r: 0.151
l_wb: 0.325
m: 3.56
model_name: NUC5
mu: 1.0
tau_steer: 0.15779476
tire_model: linear
