C_0d: 0.02
C_0v: 0.0
C_Sf: 4.718
C_Sr: 5.4562
C_acc: 3.2
C_d: 1.1
C_dec: 3.2
C_v: 3500.0
I_z: 0.04712
a_max: 3
a_min: -3
h_cg: 0.074
l_f: 0.15875
l_r: 0.17145
l_wb: 0.3302
m: 3.47
model_name: SIM1
mu: 0.523
tire_model: linear
