image: Montreal_map.png
resolution: 0.07134
origin: [-89.38488117741169,-31.937534079976547, 0.000000]
negate: 0
occupied_thresh: 0.45
free_thresh: 0.196
