image: Sakhir_map.png
resolution: 0.05695
origin: [-26.16613846019197,-46.60161969973893, 0.000000]
negate: 0
occupied_thresh: 0.45
free_thresh: 0.196
