image: Hockenheim_map.png
resolution: 0.06702
origin: [-19.911213834397966,-50.87622999687852, 0.000000]
negate: 0
occupied_thresh: 0.45
free_thresh: 0.196
