image: Austin_map.png
resolution: 0.08089
origin: [-21.25772567260448,-70.80398789934522, 0.000000]
negate: 0
occupied_thresh: 0.45
free_thresh: 0.196
