C_0d: 0.48
C_0v: 100
C_Sf: 5.035741752330491
C_Sr: 9.618871913816136
C_acc: 3.2
C_d: -1.1
C_dec: 3.2
C_v: 20
I_z: 0.05797
a_max: 3
a_min: -3
h_cg: 0.014
l_f: 0.162
l_r: 0.145
l_wb: 0.307
m: 3.54
model_name: NUC2
mu: 1.0
tau_steer: 0.15779476
tire_model: linear
